  0.00000000E+00 -0.94264951E+01
  0.14703116E-01 -0.94258081E+01
  0.29406232E-01 -0.94237463E+01
  0.44109348E-01 -0.94203076E+01
  0.58812464E-01 -0.94154887E+01
  0.73515580E-01 -0.94092855E+01
  0.88218696E-01 -0.94016935E+01
  0.10292181E+00 -0.93927082E+01
  0.11762493E+00 -0.93823257E+01
  0.13232804E+00 -0.93705433E+01
  0.14703116E+00 -0.93573598E+01
  0.16173428E+00 -0.93427759E+01
  0.17643739E+00 -0.93267943E+01
  0.19114051E+00 -0.93094198E+01
  0.20584362E+00 -0.92906589E+01
  0.22054674E+00 -0.92705192E+01
  0.23524986E+00 -0.92490089E+01
  0.24995297E+00 -0.92261361E+01
  0.26465609E+00 -0.92019077E+01
  0.27935920E+00 -0.91763291E+01
  0.29406232E+00 -0.91494032E+01
  0.30876543E+00 -0.91211301E+01
  0.32346855E+00 -0.90915074E+01
  0.33817167E+00 -0.90605298E+01
  0.35287478E+00 -0.90281899E+01
  0.36757790E+00 -0.89944790E+01
  0.38228101E+00 -0.89593877E+01
  0.39698413E+00 -0.89229069E+01
  0.41168725E+00 -0.88850289E+01
  0.42639036E+00 -0.88457482E+01
  0.44109348E+00 -0.88050622E+01
  0.45579659E+00 -0.87629714E+01
  0.47049971E+00 -0.87194802E+01
  0.48520283E+00 -0.86745962E+01
  0.49990594E+00 -0.86283306E+01
  0.51460906E+00 -0.85806972E+01
  0.52931217E+00 -0.85317119E+01
  0.54401529E+00 -0.84813920E+01
  0.55871841E+00 -0.84297553E+01
  0.57342152E+00 -0.83768187E+01
  0.58812464E+00 -0.83225977E+01
  0.60282775E+00 -0.82671050E+01
  0.61753087E+00 -0.82103501E+01
  0.63223399E+00 -0.81523382E+01
  0.64693710E+00 -0.80930703E+01
  0.66164022E+00 -0.80325431E+01
  0.67634333E+00 -0.79707497E+01
  0.69104645E+00 -0.79076809E+01
  0.70574957E+00 -0.78433264E+01
  0.72045268E+00 -0.77776774E+01
  0.73515580E+00 -0.77107284E+01
  0.74985891E+00 -0.76424805E+01
  0.76456203E+00 -0.75729432E+01
  0.77926515E+00 -0.75021365E+01
  0.79396826E+00 -0.74300932E+01
  0.80867138E+00 -0.73568592E+01
  0.82337449E+00 -0.72824937E+01
  0.83807761E+00 -0.72070682E+01
  0.85278072E+00 -0.71306649E+01
  0.86748384E+00 -0.70533735E+01
  0.88218696E+00 -0.69752877E+01
  0.89689007E+00 -0.68965009E+01
  0.91159319E+00 -0.68171020E+01
  0.92629630E+00 -0.67371706E+01
  0.94099942E+00 -0.66567728E+01
  0.95570254E+00 -0.65759580E+01
  0.97040565E+00 -0.64947566E+01
  0.98510877E+00 -0.64131784E+01
  0.99981188E+00 -0.63312136E+01
  0.10145150E+01 -0.62488345E+01
  0.10292181E+01 -0.61659992E+01
  0.10439212E+01 -0.60826572E+01
  0.10586243E+01 -0.59987554E+01
  0.10733275E+01 -0.59142469E+01
  0.10880306E+01 -0.58290984E+01
  0.11027337E+01 -0.57432998E+01
  0.11174368E+01 -0.56568729E+01
  0.11321399E+01 -0.55698789E+01
  0.11468430E+01 -0.54824261E+01
  0.11615462E+01 -0.53946748E+01
  0.11762493E+01 -0.53068411E+01
  0.11909524E+01 -0.52191983E+01
  0.12056555E+01 -0.51320754E+01
  0.12203586E+01 -0.50458544E+01
  0.12350617E+01 -0.49609640E+01
  0.12497649E+01 -0.48778719E+01
  0.12644680E+01 -0.47970754E+01
  0.12791711E+01 -0.47190909E+01
  0.12938742E+01 -0.46444418E+01
  0.13085773E+01 -0.45736475E+01
  0.13232804E+01 -0.45072121E+01
  0.13379836E+01 -0.44456142E+01
  0.13526867E+01 -0.43892984E+01
  0.13673898E+01 -0.43386682E+01
  0.13820929E+01 -0.42940809E+01
  0.13967960E+01 -0.42558451E+01
  0.14114991E+01 -0.42242189E+01
  0.14262022E+01 -0.41994103E+01
  0.14409054E+01 -0.41815784E+01
  0.14556085E+01 -0.41708350E+01
  0.14703116E+01 -0.41672465E+01
  0.14849475E+01 -0.41668887E+01
  0.14995835E+01 -0.41657917E+01
  0.15142194E+01 -0.41638866E+01
  0.15288554E+01 -0.41610629E+01
  0.15434913E+01 -0.41571757E+01
  0.15581273E+01 -0.41520541E+01
  0.15727632E+01 -0.41455117E+01
  0.15873991E+01 -0.41373582E+01
  0.16020351E+01 -0.41274113E+01
  0.16166710E+01 -0.41155081E+01
  0.16313070E+01 -0.41015156E+01
  0.16459429E+01 -0.40853398E+01
  0.16605789E+01 -0.40669325E+01
  0.16752148E+01 -0.40462952E+01
  0.16898507E+01 -0.40234806E+01
  0.17044867E+01 -0.39985910E+01
  0.17191226E+01 -0.39717733E+01
  0.17337586E+01 -0.39432120E+01
  0.17483945E+01 -0.39131190E+01
  0.17630305E+01 -0.38817222E+01
  0.17776664E+01 -0.38492525E+01
  0.17923023E+01 -0.38159301E+01
  0.18069383E+01 -0.37819518E+01
  0.18215742E+01 -0.37474782E+01
  0.18362102E+01 -0.37126231E+01
  0.18508461E+01 -0.36774456E+01
  0.18654821E+01 -0.36419443E+01
  0.18801180E+01 -0.36060552E+01
  0.18947539E+01 -0.35696529E+01
  0.19093899E+01 -0.35325556E+01
  0.19240258E+01 -0.34945329E+01
  0.19386618E+01 -0.34553170E+01
  0.19532977E+01 -0.34146163E+01
  0.19679337E+01 -0.33721309E+01
  0.19825696E+01 -0.33275690E+01
  0.19972056E+01 -0.32806638E+01
  0.20118415E+01 -0.32311891E+01
  0.20264774E+01 -0.31789741E+01
  0.20411134E+01 -0.31239148E+01
  0.20557493E+01 -0.30659833E+01
  0.20703853E+01 -0.30052321E+01
  0.20850212E+01 -0.29417956E+01
  0.20996572E+01 -0.28758860E+01
  0.21142931E+01 -0.28077852E+01
  0.21289290E+01 -0.27378335E+01
  0.21435650E+01 -0.26664129E+01
  0.21582009E+01 -0.25939295E+01
  0.21728369E+01 -0.25207921E+01
  0.21874728E+01 -0.24473913E+01
  0.22021088E+01 -0.23740771E+01
  0.22167447E+01 -0.23011392E+01
  0.22313806E+01 -0.22287888E+01
  0.22460166E+01 -0.21571435E+01
  0.22606525E+01 -0.20862178E+01
  0.22752885E+01 -0.20159166E+01
  0.22899244E+01 -0.19460360E+01
  0.23045604E+01 -0.18762690E+01
  0.23191963E+01 -0.18062165E+01
  0.23339595E+01 -0.18783335E+01
  0.23487227E+01 -0.19528650E+01
  0.23634859E+01 -0.20299392E+01
  0.23782492E+01 -0.21096474E+01
  0.23930124E+01 -0.21920396E+01
  0.24077756E+01 -0.22771219E+01
  0.24225388E+01 -0.23648550E+01
  0.24373020E+01 -0.24551547E+01
  0.24520652E+01 -0.25478938E+01
  0.24668284E+01 -0.26429058E+01
  0.24815916E+01 -0.27399892E+01
  0.24963549E+01 -0.28389137E+01
  0.25111181E+01 -0.29394268E+01
  0.25258813E+01 -0.30412614E+01
  0.25406445E+01 -0.31441430E+01
  0.25554077E+01 -0.32477977E+01
  0.25701709E+01 -0.33519595E+01
  0.25849341E+01 -0.34563773E+01
  0.25996973E+01 -0.35608207E+01
  0.26144606E+01 -0.36650852E+01
  0.26292238E+01 -0.37689960E+01
  0.26439870E+01 -0.38724107E+01
  0.26587502E+01 -0.39752205E+01
  0.26735134E+01 -0.40773497E+01
  0.26882766E+01 -0.41787551E+01
  0.27030398E+01 -0.42794225E+01
  0.27178030E+01 -0.43793636E+01
  0.27325663E+01 -0.44786117E+01
  0.27473295E+01 -0.45772160E+01
  0.27620927E+01 -0.46752372E+01
  0.27768559E+01 -0.47727411E+01
  0.27916191E+01 -0.48697943E+01
  0.28063823E+01 -0.49664585E+01
  0.28211455E+01 -0.50627867E+01
  0.28359087E+01 -0.51588197E+01
  0.28506719E+01 -0.52545828E+01
  0.28654352E+01 -0.53500845E+01
  0.28801984E+01 -0.54453153E+01
  0.28949616E+01 -0.55402472E+01
  0.29097248E+01 -0.56348348E+01
  0.29244880E+01 -0.57290163E+01
  0.29392512E+01 -0.58227160E+01
  0.29540144E+01 -0.59158466E+01
  0.29687776E+01 -0.60083124E+01
  0.29835409E+01 -0.61000129E+01
  0.29983041E+01 -0.61908462E+01
  0.30130673E+01 -0.62807131E+01
  0.30278305E+01 -0.63695202E+01
  0.30425937E+01 -0.64571837E+01
  0.30573569E+01 -0.65436317E+01
  0.30721201E+01 -0.66288071E+01
  0.30868833E+01 -0.67126683E+01
  0.31016466E+01 -0.67951908E+01
  0.31164098E+01 -0.68763668E+01
  0.31311730E+01 -0.69562039E+01
  0.31459362E+01 -0.70347242E+01
  0.31606994E+01 -0.71119611E+01
  0.31754626E+01 -0.71879567E+01
  0.31902258E+01 -0.72627584E+01
  0.32049890E+01 -0.73364147E+01
  0.32197523E+01 -0.74089722E+01
  0.32345155E+01 -0.74804714E+01
  0.32492787E+01 -0.75509438E+01
  0.32640419E+01 -0.76204098E+01
  0.32788051E+01 -0.76888764E+01
  0.32935683E+01 -0.77563371E+01
  0.33083315E+01 -0.78227719E+01
  0.33230947E+01 -0.78881486E+01
  0.33378580E+01 -0.79524253E+01
  0.33526212E+01 -0.80155529E+01
  0.33673844E+01 -0.80774786E+01
  0.33821476E+01 -0.81381492E+01
  0.33969108E+01 -0.81975140E+01
  0.34116740E+01 -0.82555279E+01
  0.34264372E+01 -0.83121529E+01
  0.34412004E+01 -0.83673593E+01
  0.34559637E+01 -0.84211260E+01
  0.34707269E+01 -0.84734401E+01
  0.34854901E+01 -0.85242962E+01
  0.35002533E+01 -0.85736948E+01
  0.35150165E+01 -0.86216409E+01
  0.35297797E+01 -0.86681431E+01
  0.35445429E+01 -0.87132121E+01
  0.35593061E+01 -0.87568596E+01
  0.35740694E+01 -0.87990981E+01
  0.35888326E+01 -0.88399397E+01
  0.36035958E+01 -0.88793963E+01
  0.36183590E+01 -0.89174787E+01
  0.36331222E+01 -0.89541968E+01
  0.36478854E+01 -0.89895588E+01
  0.36626486E+01 -0.90235713E+01
  0.36774118E+01 -0.90562387E+01
  0.36921751E+01 -0.90875631E+01
  0.37069383E+01 -0.91175441E+01
  0.37217015E+01 -0.91461789E+01
  0.37364647E+01 -0.91734620E+01
  0.37512279E+01 -0.91993861E+01
  0.37659911E+01 -0.92239423E+01
  0.37807543E+01 -0.92471205E+01
  0.37955175E+01 -0.92689105E+01
  0.38102808E+01 -0.92893027E+01
  0.38250440E+01 -0.93082883E+01
  0.38398072E+01 -0.93258605E+01
  0.38545704E+01 -0.93420143E+01
  0.38693336E+01 -0.93567470E+01
  0.38840968E+01 -0.93700582E+01
  0.38988600E+01 -0.93819497E+01
  0.39136232E+01 -0.93924245E+01
  0.39283865E+01 -0.94014874E+01
  0.39431497E+01 -0.94091435E+01
  0.39579129E+01 -0.94153982E+01
  0.39726761E+01 -0.94202568E+01
  0.39874393E+01 -0.94237238E+01
  0.40022025E+01 -0.94258025E+01
  0.40169657E+01 -0.94264951E+01
  
  0.00000000E+00  0.19752198E+01
  0.14703116E-01  0.19752027E+01
  0.29406232E-01  0.19752124E+01
  0.44109348E-01  0.19754266E+01
  0.58812464E-01  0.19761281E+01
  0.73515580E-01  0.19776840E+01
  0.88218696E-01  0.19805200E+01
  0.10292181E+00  0.19850897E+01
  0.11762493E+00  0.19918416E+01
  0.13232804E+00  0.20011863E+01
  0.14703116E+00  0.20134652E+01
  0.16173428E+00  0.20289239E+01
  0.17643739E+00  0.20476915E+01
  0.19114051E+00  0.20697674E+01
  0.20584362E+00  0.20950173E+01
  0.22054674E+00  0.21231779E+01
  0.23524986E+00  0.21538711E+01
  0.24995297E+00  0.21866269E+01
  0.26465609E+00  0.22209137E+01
  0.27935920E+00  0.22561744E+01
  0.29406232E+00  0.22918666E+01
  0.30876543E+00  0.23275035E+01
  0.32346855E+00  0.23626945E+01
  0.33817167E+00  0.23971811E+01
  0.35287478E+00  0.24308678E+01
  0.36757790E+00  0.24638428E+01
  0.38228101E+00  0.24963906E+01
  0.39698413E+00  0.25289910E+01
  0.41168725E+00  0.25623075E+01
  0.42639036E+00  0.25971629E+01
  0.44109348E+00  0.26345035E+01
  0.45579659E+00  0.26753534E+01
  0.47049971E+00  0.27207606E+01
  0.48520283E+00  0.27717380E+01
  0.49990594E+00  0.28292012E+01
  0.51460906E+00  0.28939069E+01
  0.52931217E+00  0.29663955E+01
  0.54401529E+00  0.30469395E+01
  0.55871841E+00  0.31355019E+01
  0.57342152E+00  0.32317067E+01
  0.58812464E+00  0.33348225E+01
  0.60282775E+00  0.34437614E+01
  0.61753087E+00  0.35570935E+01
  0.63223399E+00  0.36730762E+01
  0.64693710E+00  0.37896983E+01
  0.66164022E+00  0.39047365E+01
  0.67634333E+00  0.40158231E+01
  0.69104645E+00  0.41205203E+01
  0.70574957E+00  0.42164008E+01
  0.72045268E+00  0.43011280E+01
  0.73515580E+00  0.43725357E+01
  0.74985891E+00  0.44287011E+01
  0.76456203E+00  0.44680096E+01
  0.77926515E+00  0.44892079E+01
  0.79396826E+00  0.44914440E+01
  0.80867138E+00  0.44742914E+01
  0.82337449E+00  0.44377572E+01
  0.83807761E+00  0.43822745E+01
  0.85278072E+00  0.43086785E+01
  0.86748384E+00  0.42181689E+01
  0.88218696E+00  0.41122592E+01
  0.89689007E+00  0.39927165E+01
  0.91159319E+00  0.38614944E+01
  0.92629630E+00  0.37206616E+01
  0.94099942E+00  0.35723291E+01
  0.95570254E+00  0.34185811E+01
  0.97040565E+00  0.32614100E+01
  0.98510877E+00  0.31026592E+01
  0.99981188E+00  0.29439760E+01
  0.10145150E+01  0.27867761E+01
  0.10292181E+01  0.26322198E+01
  0.10439212E+01  0.24812014E+01
  0.10586243E+01  0.23343508E+01
  0.10733275E+01  0.21920463E+01
  0.10880306E+01  0.20544382E+01
  0.11027337E+01  0.19214808E+01
  0.11174368E+01  0.17929704E+01
  0.11321399E+01  0.16685878E+01
  0.11468430E+01  0.15479429E+01
  0.11615462E+01  0.14306186E+01
  0.11762493E+01  0.13162124E+01
  0.11909524E+01  0.12043740E+01
  0.12056555E+01  0.10948365E+01
  0.12203586E+01  0.98744121E+00
  0.12350617E+01  0.88215453E+00
  0.12497649E+01  0.77907688E+00
  0.12644680E+01  0.67844406E+00
  0.12791711E+01  0.58062114E+00
  0.12938742E+01  0.48609006E+00
  0.13085773E+01  0.39543182E+00
  0.13232804E+01  0.30930466E+00
  0.13379836E+01  0.22841948E+00
  0.13526867E+01  0.15351396E+00
  0.13673898E+01  0.85326443E-01
  0.13820929E+01  0.24570972E-01
  0.13967960E+01 -0.28085876E-01
  0.14114991E+01 -0.72045497E-01
  0.14262022E+01 -0.10679473E+00
  0.14409054E+01 -0.13192008E+00
  0.14556085E+01 -0.14711857E+00
  0.14703116E+01 -0.15220541E+00
  0.14849475E+01 -0.15289886E+00
  0.14995835E+01 -0.15495757E+00
  0.15142194E+01 -0.15831772E+00
  0.15288554E+01 -0.16287616E+00
  0.15434913E+01 -0.16849506E+00
  0.15581273E+01 -0.17500814E+00
  0.15727632E+01 -0.18222830E+00
  0.15873991E+01 -0.18995614E+00
  0.16020351E+01 -0.19798926E+00
  0.16166710E+01 -0.20613172E+00
  0.16313070E+01 -0.21420345E+00
  0.16459429E+01 -0.22204909E+00
  0.16605789E+01 -0.22954600E+00
  0.16752148E+01 -0.23661099E+00
  0.16898507E+01 -0.24320562E+00
  0.17044867E+01 -0.24933976E+00
  0.17191226E+01 -0.25507322E+00
  0.17337586E+01 -0.26051552E+00
  0.17483945E+01 -0.26582369E+00
  0.17630305E+01 -0.27119811E+00
  0.17776664E+01 -0.27687678E+00
  0.17923023E+01 -0.28312802E+00
  0.18069383E+01 -0.29024192E+00
  0.18215742E+01 -0.29852109E+00
  0.18362102E+01 -0.30827069E+00
  0.18508461E+01 -0.31978854E+00
  0.18654821E+01 -0.33335543E+00
  0.18801180E+01 -0.34922604E+00
  0.18947539E+01 -0.36762094E+00
  0.19093899E+01 -0.38871988E+00
  0.19240258E+01 -0.41265658E+00
  0.19386618E+01 -0.43951534E+00
  0.19532977E+01 -0.46932942E+00
  0.19679337E+01 -0.50208138E+00
  0.19825696E+01 -0.53770523E+00
  0.19972056E+01 -0.57609042E+00
  0.20118415E+01 -0.61708732E+00
  0.20264774E+01 -0.66051416E+00
  0.20411134E+01 -0.70616498E+00
  0.20557493E+01 -0.75381841E+00
  0.20703853E+01 -0.80324687E+00
  0.20850212E+01 -0.85422582E+00
  0.20996572E+01 -0.90654277E+00
  0.21142931E+01 -0.96000561E+00
  0.21289290E+01 -0.10144501E+01
  0.21435650E+01 -0.10697460E+01
  0.21582009E+01 -0.11258018E+01
  0.21728369E+01 -0.11825681E+01
  0.21874728E+01 -0.12400388E+01
  0.22021088E+01 -0.12982506E+01
  0.22167447E+01 -0.13572815E+01
  0.22313806E+01 -0.14172462E+01
  0.22460166E+01 -0.14782917E+01
  0.22606525E+01 -0.15405903E+01
  0.22752885E+01 -0.16043321E+01
  0.22899244E+01 -0.16697173E+01
  0.23045604E+01 -0.17369471E+01
  0.23191963E+01 -0.18062148E+01
  0.23339595E+01 -0.17347810E+01
  0.23487227E+01 -0.16620308E+01
  0.23634859E+01 -0.15873916E+01
  0.23782492E+01 -0.15102903E+01
  0.23930124E+01 -0.14301832E+01
  0.24077756E+01 -0.13465872E+01
  0.24225388E+01 -0.12591081E+01
  0.24373020E+01 -0.11674669E+01
  0.24520652E+01 -0.10715207E+01
  0.24668284E+01 -0.97127869E+00
  0.24815916E+01 -0.86691043E+00
  0.24963549E+01 -0.75874692E+00
  0.25111181E+01 -0.64727359E+00
  0.25258813E+01 -0.53311512E+00
  0.25406445E+01 -0.41701257E+00
  0.25554077E+01 -0.29979347E+00
  0.25701709E+01 -0.18233611E+00
  0.25849341E+01 -0.65529344E-01
  0.25996973E+01  0.49770217E-01
  0.26144606E+01  0.16278185E+00
  0.26292238E+01  0.27284301E+00
  0.26439870E+01  0.37944823E+00
  0.26587502E+01  0.48228269E+00
  0.26735134E+01  0.58124849E+00
  0.26882766E+01  0.67648212E+00
  0.27030398E+01  0.76836190E+00
  0.27178030E+01  0.85750443E+00
  0.27325663E+01  0.94474990E+00
  0.27473295E+01  0.10311361E+01
  0.27620927E+01  0.11178621E+01
  0.27768559E+01  0.12062422E+01
  0.27916191E+01  0.12976527E+01
  0.28063823E+01  0.13934716E+01
  0.28211455E+01  0.14950161E+01
  0.28359087E+01  0.16034783E+01
  0.28506719E+01  0.17198620E+01
  0.28654352E+01  0.18449246E+01
  0.28801984E+01  0.19791253E+01
  0.28949616E+01  0.21225826E+01
  0.29097248E+01  0.22750426E+01
  0.29244880E+01  0.24358611E+01
  0.29392512E+01  0.26039992E+01
  0.29540144E+01  0.27780340E+01
  0.29687776E+01  0.29561843E+01
  0.29835409E+01  0.31363509E+01
  0.29983041E+01  0.33161699E+01
  0.30130673E+01  0.34930784E+01
  0.30278305E+01  0.36643887E+01
  0.30425937E+01  0.38273703E+01
  0.30573569E+01  0.39793351E+01
  0.30721201E+01  0.41177240E+01
  0.30868833E+01  0.42401902E+01
  0.31016466E+01  0.43446771E+01
  0.31164098E+01  0.44294878E+01
  0.31311730E+01  0.44933422E+01
  0.31459362E+01  0.45354218E+01
  0.31606994E+01  0.45553975E+01
  0.31754626E+01  0.45534416E+01
  0.31902258E+01  0.45302230E+01
  0.32049890E+01  0.44868851E+01
  0.32197523E+01  0.44250073E+01
  0.32345155E+01  0.43465529E+01
  0.32492787E+01  0.42538044E+01
  0.32640419E+01  0.41492880E+01
  0.32788051E+01  0.40356928E+01
  0.32935683E+01  0.39157848E+01
  0.33083315E+01  0.37923214E+01
  0.33230947E+01  0.36679679E+01
  0.33378580E+01  0.35452206E+01
  0.33526212E+01  0.34263374E+01
  0.33673844E+01  0.33132799E+01
  0.33821476E+01  0.32076673E+01
  0.33969108E+01  0.31107445E+01
  0.34116740E+01  0.30233645E+01
  0.34264372E+01  0.29459856E+01
  0.34412004E+01  0.28786823E+01
  0.34559637E+01  0.28211703E+01
  0.34707269E+01  0.27728430E+01
  0.34854901E+01  0.27328181E+01
  0.35002533E+01  0.26999936E+01
  0.35150165E+01  0.26731079E+01
  0.35297797E+01  0.26508042E+01
  0.35445429E+01  0.26316950E+01
  0.35593061E+01  0.26144242E+01
  0.35740694E+01  0.25977248E+01
  0.35888326E+01  0.25804690E+01
  0.36035958E+01  0.25617095E+01
  0.36183590E+01  0.25407102E+01
  0.36331222E+01  0.25169656E+01
  0.36478854E+01  0.24902083E+01
  0.36626486E+01  0.24604048E+01
  0.36774118E+01  0.24277405E+01
  0.36921751E+01  0.23925952E+01
  0.37069383E+01  0.23555103E+01
  0.37217015E+01  0.23171501E+01
  0.37364647E+01  0.22782598E+01
  0.37512279E+01  0.22396206E+01
  0.37659911E+01  0.22020073E+01
  0.37807543E+01  0.21661472E+01
  0.37955175E+01  0.21326847E+01
  0.38102808E+01  0.21021516E+01
  0.38250440E+01  0.20749457E+01
  0.38398072E+01  0.20513173E+01
  0.38545704E+01  0.20313643E+01
  0.38693336E+01  0.20150367E+01
  0.38840968E+01  0.20021483E+01
  0.38988600E+01  0.19923966E+01
  0.39136232E+01  0.19853876E+01
  0.39283865E+01  0.19806659E+01
  0.39431497E+01  0.19777472E+01
  0.39579129E+01  0.19761508E+01
  0.39726761E+01  0.19754326E+01
  0.39874393E+01  0.19752131E+01
  0.40022025E+01  0.19752027E+01
  0.40169657E+01  0.19752198E+01
  
